inf inf inf inf inf inf inf inf inf inf
inf inf 1.919040479760119819e-04 inf inf inf inf inf 1.939393939393939512e-04 inf
inf 1.919040479760119819e-04 inf 4.761904761904762714e-05 inf inf inf inf inf 4.776119402985075190e-05
inf inf 4.761904761904762714e-05 inf 1.910447761194030076e-04 inf inf inf inf inf
inf inf inf 1.910447761194030076e-04 inf 4.255319148936170446e-05 inf inf inf 1.924812030075187975e-04
inf inf inf inf 4.255319148936170446e-05 inf 4.819277108433734714e-05 5.594405594405593181e-05 inf 1.910447761194030076e-04
inf inf inf inf inf 4.819277108433734714e-05 inf 1.695364238410596047e-04 inf inf
inf inf inf inf inf 5.594405594405593181e-05 1.695364238410596047e-04 inf 1.916167664670658985e-04 inf
inf 1.939393939393939512e-04 inf inf inf inf inf 1.916167664670658985e-04 inf 4.761904761904762714e-05
inf inf 4.776119402985075190e-05 inf 1.924812030075187975e-04 1.910447761194030076e-04 inf inf 4.761904761904762714e-05 1.919040479760119819e-04
